CNN Feature Rankings (by importance):
==================================================
O_w_HR_power_t7: 0.100674
I_w_HR_Weg_t7: 0.095229
O_w_HR_power_t5: 0.055624
I_w_HR_Weg_t5: 0.044506
O_w_BHL_power_t7: 0.032404
O_w_BHL_voltage_t7: 0.025946
O_w_BHL_power_t5: 0.023825
O_w_HR_power_t3: 0.019947
O_w_HR_power_t4: 0.017969
O_w_BHL_voltage_t5: 0.017713
I_w_HR_Weg_t3: 0.017000
I_w_HL_Weg_t6: 0.016337
O_w_HR_power_t6: 0.016020
O_w_HR_power_t2: 0.015357
O_w_HL_voltage_t7: 0.013723
I_w_HR_Weg_t4: 0.013541
O_w_HL_power_t7: 0.013523
O_w_HR_voltage_t6: 0.011971
I_w_HR_Weg_t2: 0.010835
O_w_HR_power_t0: 0.009717
O_w_BHL_voltage_t6: 0.009470
O_w_BHL_power_t6: 0.008627
I_w_BHR_Weg_t7: 0.008123
I_w_HR_Weg_t6: 0.007856
I_w_HR_Weg_t0: 0.007593
I_w_BHR_Weg_t6: 0.007394
I_w_HL_Weg_t0: 0.007072
O_w_BLO_power_t6: 0.006707
O_w_BHR_power_t6: 0.006306
O_w_HL_voltage_t3: 0.006171
O_w_BHR_power_t7: 0.005779
O_w_BLO_power_t4: 0.005624
O_w_HR_voltage_t0: 0.005367
I_w_HL_Weg_t4: 0.005088
O_w_HR_voltage_t4: 0.004776
O_w_BHR_voltage_t6: 0.004770
I_w_BHL_Weg_t7: 0.004713
O_w_HL_power_t3: 0.004694
I_w_BLO_Weg_t4: 0.004602
O_w_BRU_power_t7: 0.004530
O_w_HL_voltage_t5: 0.004459
O_w_BHL_power_t3: 0.004136
O_w_BRU_power_t5: 0.003996
O_w_BLO_power_t5: 0.003920
I_w_BRU_Weg_t6: 0.003831
O_w_BHR_power_t5: 0.003571
O_w_HL_power_t5: 0.003487
I_w_BLO_Weg_t6: 0.003469
O_w_BLO_voltage_t7: 0.003350
O_w_BHL_voltage_t3: 0.003333
I_w_BHR_Weg_t5: 0.002534
O_w_BRU_voltage_t7: 0.002321
O_w_BRU_voltage_t5: 0.002319
I_w_HL_Weg_t2: 0.002065
O_w_BRU_voltage_t4: 0.002053
I_w_BHR_Weg_t4: 0.002018
I_w_BHL_Weg_t6: 0.001883
I_w_BHR_Weg_t2: 0.001819
O_w_BRU_voltage_t1: 0.001792
O_w_BRU_power_t2: 0.001759
O_w_BRU_power_t4: 0.001753
O_w_BHR_power_t4: 0.001719
O_w_BRU_power_t3: 0.001608
I_w_HL_Weg_t3: 0.001465
O_w_BRU_voltage_t3: 0.001424
I_w_BRU_Weg_t3: 0.001398
O_w_BHR_voltage_t3: 0.001381
O_w_BHR_power_t2: 0.001326
O_w_BRU_power_t1: 0.001288
O_w_HR_voltage_t2: 0.001234
O_w_BHL_voltage_t2: 0.001141
O_w_HR_voltage_t3: 0.001080
O_w_BHL_voltage_t4: 0.001062
O_w_BHL_power_t2: 0.001033
I_w_BLO_Weg_t0: 0.001013
I_w_BRU_Weg_t5: 0.001012
O_w_BLO_power_t0: 0.000994
O_w_BHL_voltage_t1: 0.000906
O_w_BHL_power_t4: 0.000784
O_w_BLO_power_t3: 0.000735
O_w_HL_power_t2: 0.000700
O_w_HL_voltage_t2: 0.000596
O_w_BRU_voltage_t2: 0.000590
O_w_BHR_power_t3: 0.000547
O_w_BHL_power_t1: 0.000540
O_w_HR_power_t1: 0.000488
I_w_BHR_Weg_t3: 0.000488
I_w_BLO_Weg_t5: 0.000487
O_w_BLO_voltage_t2: 0.000451
O_w_BLO_voltage_t6: 0.000394
O_w_BRU_power_t6: 0.000366
I_w_BLO_Weg_t2: 0.000364
O_w_BLO_voltage_t5: 0.000282
O_w_HL_voltage_t4: 0.000248
I_w_HR_Weg_t1: 0.000142
O_w_BHR_voltage_t4: 0.000120
O_w_HL_power_t6: 0.000115
I_w_BHL_Weg_t5: 0.000058
O_w_BLO_voltage_t0: 0.000000
I_w_BHL_Weg_t0: 0.000000
O_w_BHL_power_t0: 0.000000
O_w_BHL_voltage_t0: 0.000000
I_w_BHR_Weg_t0: 0.000000
O_w_BHR_power_t0: 0.000000
O_w_BHR_voltage_t0: 0.000000
I_w_BRU_Weg_t0: 0.000000
O_w_BRU_power_t0: 0.000000
O_w_BRU_voltage_t0: 0.000000
O_w_HL_power_t0: 0.000000
O_w_HL_voltage_t0: 0.000000
I_w_BLO_Weg_t1: 0.000000
O_w_BLO_power_t1: 0.000000
O_w_BLO_voltage_t1: 0.000000
I_w_BHL_Weg_t1: 0.000000
I_w_BHR_Weg_t1: 0.000000
O_w_BHR_power_t1: 0.000000
O_w_BHR_voltage_t1: 0.000000
I_w_BRU_Weg_t1: 0.000000
O_w_HR_voltage_t1: 0.000000
I_w_HL_Weg_t1: 0.000000
O_w_HL_power_t1: 0.000000
O_w_HL_voltage_t1: 0.000000
O_w_BLO_power_t2: 0.000000
I_w_BHL_Weg_t2: 0.000000
O_w_BHR_voltage_t2: 0.000000
I_w_BRU_Weg_t2: 0.000000
I_w_BLO_Weg_t3: 0.000000
O_w_BLO_voltage_t3: 0.000000
I_w_BHL_Weg_t3: 0.000000
O_w_BLO_voltage_t4: 0.000000
I_w_BHL_Weg_t4: 0.000000
I_w_BRU_Weg_t4: 0.000000
O_w_HL_power_t4: 0.000000
O_w_BHR_voltage_t5: 0.000000
O_w_HR_voltage_t5: 0.000000
I_w_HL_Weg_t5: 0.000000
O_w_BRU_voltage_t6: 0.000000
O_w_HL_voltage_t6: 0.000000
I_w_BLO_Weg_t7: 0.000000
O_w_BLO_power_t7: 0.000000
O_w_BHR_voltage_t7: 0.000000
I_w_BRU_Weg_t7: 0.000000
O_w_HR_voltage_t7: 0.000000
I_w_HL_Weg_t7: 0.000000
